1 0 0 0 0 0 1 1 0
54    !number of stations
1	-3.4283760	43.340149	-1
2	-3.4270921	43.342140	-1
3	-3.4247816	43.343633	-1
4	-3.4214444	43.344192	-1
5	-3.4188768	43.345934	-1
6	-3.4183626	43.348174	-1
7	-3.4198164	43.350352	-1
8	-3.4227257	43.350913	-1
9	-3.4256354	43.349980	-1
10	-3.4285450	43.349296	-1
11	-3.4313688	43.349299	-1
12	-3.4333368	43.349859	-1
13	-3.4342779	43.351291	-1
14	-3.4328228	43.353655	-1
15	-3.4317955	43.355522	-1
16	-3.4293991	43.356330	-1
17	-3.4282007	43.357699	-1
18	-3.4285426	43.359317	-1
19	-3.4280287	43.360997	-1
20	-3.4276858	43.363299	-1
21	-3.4278565	43.365166	-1
22	-3.4293112	43.366784	-1
23	-3.4329914	43.369087	-1
24	-3.4344464	43.370456	-1
25	-3.4361582	43.372323	-1
26	-3.4347882	43.374936	-1
27	-3.4353016	43.377301	-1
28	-3.4373561	43.378794	-1
29	-3.4406949	43.379914	-1
30	-3.4434345	43.381097	-1
31	-3.4456606	43.382092	-1
32	-3.4478011	43.383337	-1
33	-3.4501986	43.384768	-1
34	-3.4527073	43.386513	-1
35	-3.4547800	43.388186	-1
36	-3.4573134	43.389525	-1
37	-3.4601920	43.390194	-1
38	-3.4638768	43.390862	-1
39	-3.4657612	43.392527	-1
40	-3.4659929	43.396208	-1
41	-3.4656483	43.398719	-1
42	-3.4643826	43.401396	-1
43	-3.4630017	43.404576	-1
44	-3.4620812	43.407337	-1
45	-3.4613915	43.411437	-1
46	-3.4616229	43.414868	-1
47	-3.4612783	43.417964	-1
48	-3.4600123	43.421980	-1
49	-3.4590919	43.426499	-1
50	-3.4577104	43.430431	-1
51	-3.4554605	43.434472	-1
52	-3.4518736	43.437417	-1
53	-3.4461922	43.436772	-1
54	-3.4409964	43.434971	-1